414994
33
34
35
36
38
37
40
39
32
30
31
29
28
27
26
423
422
385
392
399
429
25
457
462
464
466
463
465
461
458
443
431
432
424
425
409
389
377
364
350
337
323
310
299
278
271
273
304
318
330
343
357
368
381
396
400
383
374
360
346
333
321
306
289
279
280
281
282
283
284
285
286
287
300
311
324
336
351
363
376
388
410
420
419
418
417
416
415
414
413
412
393
378
365
353
338
327
314
309
290
291
292
293
294
295
296
308
303
319
331
344
355
367
380
387
402
403
404
405
406
407
408
386
375
359
329
322
313
312
340
356
354
339
328
315
302
288
275
274
270
265
253
252
251
250
249
248
247
246
245
244
243
256
242
234
229
228
227
233
238
258
257
259
260
261
262
263
264
237
232
239
254
307
320
332
347
361
373
384
401
421
430
489
486
456
455
442
454
453
452
451
450
449
448
447
446
445
444
433
434
435
436
437
438
439
440
441
483
481
477
478
480
479
476
482
484
485
487
488
490
427
428
395
372
348
316
366
379
394
426
362
335
491
492
0
475
474
473
472
471
469
468
470
460
459
397
390
411
398
391
382
369
370
371
352
341
325
317
297
326
345
342
334
276
272
268
255
298
277
305
301
269
266
235
224
225
210
216
209
222
230
236
231
223
211
208
206
212
217
213
219
221
220
207
203
202
184
182
172
169
197
198
185
179
189
186
194
180
174
176
175
181
173
171
170
163
161
155
149
139
128
122
126
121
125
129
132
145
152
154
159
160
162
167
166
156
147
148
150
144
140
138
142
130
134
133
131
135
137
136
146
127
123
120
115
114
110
102
95
100
105
108
112
113
119
117
107
101
98
97
99
106
116
87
86
85
84
63
62
61
16
15
14
13
53
57
56
55
54
58
59
60
64
83
80
81
78
74
73
72
71
70
68
69
67
66
20
18
17
19
12
11
10
9
7
8
6
5
4
2
3
52
49
50
48
44
43
46
47
45
42
41
22
23
24
21
190
201
240
215
218
241
267
349
358
467
204
200
192
188
195
193
199
205
191
187
168
164
153
141
124
118
111
104
103
109
143
151
157
165
177
183
196
178
214
226
158
93
92
91
94
89
88
90
77
79
96
76
75
82
65
51
1
